7 0.696875 0.5109375 0.1359375 0.3046875
7 0.46640625 0.475 0.08125 0.209375
7 0.53125 0.43125 0.0671875 0.171875
7 0.57734375 0.45078125 0.08125 0.2421875
7 0.83828125 0.48046875 0.084375 0.1671875
7 0.9578125 0.4921875 0.084375 0.290625
7 0.31640625 0.38828125 0.040625 0.121875
7 0.34921875 0.3859375 0.0421875 0.1359375
7 0.4171875 0.403125 0.0609375 0.134375
6 0.2921875 0.47265625 0.0875 0.1234375
6 0.36328125 0.48046875 0.0796875 0.125
6 0.4078125 0.48203125 0.0546875 0.14375
6 0.57109375 0.52578125 0.0875 0.1015625
6 0.70078125 0.721875 0.178125 0.290625
6 0.82890625 0.61015625 0.103125 0.16875
6 0.959375 0.68515625 0.0703125 0.2015625
6 0.46015625 0.58671875 0.125 0.2015625
2 0.20234375 0.64296875 0.4046875 0.6890625