7 0.66953125 0.44609375 0.165625 0.3078125
7 0.44296875 0.47890625 0.1015625 0.209375
7 0.49140625 0.41875 0.0859375 0.171875
7 0.540625 0.42421875 0.1078125 0.2421875
7 0.79453125 0.37578125 0.1015625 0.1703125
7 0.92578125 0.35 0.1484375 0.296875
7 0.27734375 0.440625 0.0546875 0.1203125
7 0.3078125 0.428125 0.0578125 0.1359375
7 0.3765625 0.42578125 0.075 0.1375
6 0.27890625 0.5265625 0.0984375 0.128125
6 0.34765625 0.51328125 0.090625 0.128125
6 0.3890625 0.5015625 0.0703125 0.14375
6 0.55703125 0.496875 0.0953125 0.1078125
6 0.73515625 0.64296875 0.20625 0.2984375
6 0.8234375 0.5015625 0.11875 0.175
6 0.96015625 0.53125 0.0796875 0.20625
6 0.46953125 0.5859375 0.1453125 0.2078125
2 0.240625 0.68125 0.48125 0.6375