0 0.12265625 0.69921875 0.234375 0.365625
0 0.40078125 0.55234375 0.115625 0.209375
0 0.46875 0.5390625 0.1140625 0.1671875
0 0.56953125 0.52265625 0.1390625 0.15625
0 0.69375 0.51328125 0.18125 0.1515625
6 0.81875 0.484375 0.1296875 0.15625
6 0.29453125 0.55625 0.0984375 0.159375
6 0.19453125 0.52109375 0.096875 0.10625
7 0.0875 0.58984375 0.175 0.4421875
7 0.37578125 0.44765625 0.0890625 0.1875
7 0.446875 0.43125 0.0828125 0.1796875
7 0.509375 0.43984375 0.09375 0.203125
7 0.553125 0.425 0.0921875 0.175
7 0.6484375 0.41640625 0.109375 0.2140625
7 0.77578125 0.41875 0.109375 0.196875