0 0.09609375 0.6296875 0.1765625 0.3375
0 0.39375 0.534375 0.08125 0.19609375
0 0.4625 0.5328125 0.0875 0.153125
0 0.5640625 0.534375 0.115625 0.13671875
0 0.68671875 0.546875 0.1609375 0.125
6 0.8140625 0.53984375 0.10625 0.1390625
6 0.28984375 0.51953125 0.0734375 0.1484375
6 0.196875 0.46796875 0.08125 0.0921875
7 0.065625 0.515625 0.13125 0.42421875
7 0.3875 0.4265625 0.059375 0.17890625
7 0.459375 0.4234375 0.053125 0.171875
7 0.51953125 0.4421875 0.0609375 0.19375
7 0.56484375 0.4359375 0.0640625 0.16484375
7 0.66015625 0.44375 0.0734375 0.203125
7 0.784375 0.46796875 0.078125 0.1859375