7 0.72421875 0.48046875 0.1171875 0.4828125
7 0.54765625 0.4859375 0.0890625 0.39296875
7 0.64140625 0.4296875 0.0640625 0.25859375
2 0.16328125 0.4328125 0.1828125 0.22421875
2 0.01953125 0.41796875 0.0390625 0.1640625
2 0.228125 0.36953125 0.065625 0.1296875
2 0.28046875 0.36875 0.0578125 0.10625
2 0.3390625 0.3640625 0.084375 0.10859375
2 0.075 0.41171875 0.08125 0.1984375
1 0.54453125 0.334375 0.0953125 0.16171875
0 0.8484375 0.490625 0.090625 0.24921875
0 0.95078125 0.5859375 0.0953125 0.25625
0 0.92734375 0.54375 0.1453125 0.18046875