0 0.06953125 0.58984375 0.1390625 0.3890625
0 0.35625 0.5328125 0.1234375 0.228125
0 0.43125 0.54375 0.121875 0.1828125
0 0.5421875 0.56171875 0.15 0.1703125
0 0.67421875 0.59765625 0.196875 0.1640625
6 0.81484375 0.6125 0.140625 0.1703125
6 0.2453125 0.49921875 0.10625 0.175
6 0.15234375 0.4265625 0.1046875 0.115625
7 0.0546875 0.4609375 0.109375 0.475
7 0.36796875 0.41484375 0.0953125 0.20625
7 0.446875 0.4234375 0.0875 0.196875
7 0.509375 0.45390625 0.1 0.2234375
7 0.5609375 0.4546875 0.0984375 0.1921875
7 0.6640625 0.4796875 0.115625 0.234375
7 0.7953125 0.52890625 0.1171875 0.2171875