2 0.45625 0.5859375 0.06484375 0.09765625
2 0.50703125 0.578125 0.0765625 0.09140625
2 0.5640625 0.5828125 0.053125 0.07109375
2 0.88125 0.6046875 0.0375 0.06484375
2 0.9671875 0.66171875 0.06484375 0.1390625
2 0.85 0.5984375 0.0375 0.06484375
2 0.8078125 0.58046875 0.05546875 0.0796875
0 0.0390625 0.66171875 0.078125 0.2453125
0 0.078125 0.6734375 0.096875 0.18671875
0 0.165625 0.6640625 0.12265625 0.228125
0 0.2671875 0.665625 0.15390625 0.18671875
0 0.353125 0.64375 0.06484375 0.1125
0 0.409375 0.6296875 0.04765625 0.13046875