7 0.3203125 0.4828125 0.10625 0.28671875
7 0.54609375 0.46796875 0.0609375 0.1984375
7 0.48671875 0.4203125 0.0515625 0.1625
7 0.440625 0.4359375 0.059375 0.23046875
7 0.1859375 0.440625 0.06875 0.15703125
7 0.0515625 0.44375 0.09453125 0.278125
7 0.69765625 0.396875 0.0296875 0.115625
7 0.66640625 0.3921875 0.0296875 0.13046875
7 0.5984375 0.403125 0.04765625 0.12734375
6 0.7140625 0.4796875 0.075 0.1125
6 0.64453125 0.48125 0.0671875 0.115625
6 0.6015625 0.47890625 0.04140625 0.1359375
6 0.43984375 0.5078125 0.0765625 0.09140625
6 0.2984375 0.6859375 0.15 0.26953125
6 0.184375 0.5671875 0.08671875 0.15703125
6 0.0390625 0.62890625 0.078125 0.1921875
6 0.5421875 0.5765625 0.10625 0.18671875
2 0.80859375 0.66171875 0.3828125 0.65