2 0.45234375 0.62890625 0.090625 0.1171875
2 0.503125 0.60859375 0.1015625 0.1140625
2 0.5640625 0.5984375 0.0734375 0.0875
2 0.9015625 0.54453125 0.0546875 0.0765625
2 0.9765625 0.584375 0.046875 0.159375
2 0.8671875 0.54609375 0.0546875 0.0765625
2 0.81796875 0.53828125 0.0765625 0.096875
0 0.065625 0.80078125 0.078125 0.2609375
0 0.09375 0.80625 0.1140625 0.2109375
0 0.1671875 0.7796875 0.184375 0.26875
0 0.2734375 0.75703125 0.20625 0.2328125
0 0.3578125 0.7140625 0.0953125 0.134375
0 0.41328125 0.68515625 0.08125 0.1484375