2 0.4671875 0.590625 0.0765625 0.1046875
2 0.51640625 0.5765625 0.0875 0.1
2 0.5734375 0.57421875 0.0609375 0.0765625
2 0.89140625 0.5578125 0.0453125 0.06875
2 0.97109375 0.60390625 0.0578125 0.1453125
2 0.859375 0.5546875 0.0453125 0.06875
2 0.815625 0.5421875 0.0640625 0.0859375
0 0.0625 0.71640625 0.1078125 0.253125
0 0.10234375 0.7234375 0.11875 0.196875
0 0.18828125 0.70390625 0.15 0.240625
0 0.2890625 0.69296875 0.175 0.2046875
0 0.371875 0.6609375 0.078125 0.1203125
0 0.42578125 0.63984375 0.0625 0.1359375