7 0.24765625 0.52578125 0.246875 0.534375
7 0.43359375 0.48515625 0.1953125 0.4328125
7 0.32109375 0.45078125 0.134375 0.2859375
2 0.8203125 0.3296875 0.2484375 0.28125
2 0.95234375 0.28125 0.0578125 0.175
2 0.7359375 0.28125 0.1015625 0.1515625
2 0.68125 0.29375 0.0875 0.125
2 0.61875 0.30390625 0.115625 0.134375
2 0.90625 0.28515625 0.1359375 0.228125
1 0.396875 0.32578125 0.140625 0.19375
0 0.12109375 0.56796875 0.159375 0.284375
0 0.06171875 0.6890625 0.121875 0.28125
0 0.07578125 0.63828125 0.1515625 0.2140625