5 0.7484375 0.3203125 0.1265625 0.271875
5 0.33125 0.45078125 0.0875 0.1171875
5 0.62265625 0.50703125 0.0765625 0.146875
5 0.346875 0.5609375 0.0484375 0.075
5 0.54921875 0.5875 0.053125 0.0953125
5 0.36328125 0.62421875 0.025 0.0453125
5 0.375 0.653125 0.025 0.03125
5 0.52734375 0.62734375 0.03125 0.071875
5 0.51015625 0.64921875 0.025 0.0625
5 0.3890625 0.675 0.01875 0.0234375
5 0.496875 0.665625 0.0234375 0.0359375
5 0.396875 0.69375 0.01875 0.0234375
5 0.4109375 0.7046875 0.0171875 0.0203125
5 0.42109375 0.71640625 0.0203125 0.0328125
5 0.4328125 0.72734375 0.01875 0.0296875
5 0.4453125 0.73515625 0.015625 0.0265625
5 0.4578125 0.740625 0.01875 0.03125
5 0.2734375 0.16953125 0.2140625 0.2953125