5 0.7578125 0.35234375 0.078125 0.2484375
5 0.34453125 0.40546875 0.0671875 0.1015625
5 0.609375 0.50625 0.05 0.134375
5 0.34140625 0.51171875 0.0359375 0.0671875
5 0.52734375 0.56953125 0.0359375 0.0859375
5 0.34609375 0.5734375 0.0171875 0.040625
5 0.35234375 0.60234375 0.0203125 0.0265625
5 0.5 0.60390625 0.01875 0.0671875
5 0.48046875 0.62109375 0.0140625 0.0578125
5 0.36171875 0.62578125 0.0140625 0.0203125
5 0.46484375 0.634375 0.0171875 0.03125
5 0.36640625 0.64453125 0.0140625 0.0203125
5 0.37734375 0.65703125 0.0140625 0.0171875
5 0.38515625 0.66953125 0.0140625 0.0296875
5 0.39453125 0.68203125 0.0140625 0.0265625
5 0.40546875 0.69140625 0.0109375 0.0234375
5 0.415625 0.6984375 0.0125 0.028125
5 0.3375 0.13046875 0.1625 0.2609375