5 0.271875 0.30703125 0.11875 0.2609375
5 0.678125 0.42578125 0.0828125 0.1125
5 0.39609375 0.48515625 0.071875 0.14375
5 0.6640625 0.5328125 0.046875 0.0734375
5 0.46875 0.56171875 0.05 0.0921875
5 0.65 0.59375 0.0234375 0.04375
5 0.6390625 0.62265625 0.025 0.0296875
5 0.490625 0.60078125 0.0296875 0.0703125
5 0.5078125 0.6203125 0.0234375 0.059375
5 0.62578125 0.64375 0.0171875 0.021875
5 0.52109375 0.63671875 0.021875 0.034375
5 0.61796875 0.6625 0.0171875 0.021875
5 0.60546875 0.6734375 0.0171875 0.01875
5 0.5953125 0.684375 0.01875 0.0328125
5 0.58359375 0.69609375 0.01875 0.0296875
5 0.57109375 0.70390625 0.0140625 0.025
5 0.56015625 0.70859375 0.0171875 0.03125
5 0.72734375 0.1578125 0.2015625 0.275